OOOOOOOOOO
  1||       1||
  2||       0||
  3||       0||
  4||       0||
OOOOOOOOOO
  1||       0||
  2||       0||
OOOOOOOOOO
  1||       1||
  2||       0||
OOOOOOOOOO
  1||       1||
  2||       1||
OOOOOOOOOO
  1||       1||
  2||       0||
OOOOOOOOOO
  1||       0||
  2||       0||
OOOOOOOOOO
  1||       1||
  2||       0||
OOOOOOOOOO
  1||       1||
  2||       1||
OOOOOOOOOO
  1||       2||
  2||       0||
OOOOOOOOOO
  1||       0||
  2||       0||
OOOOOOOOOO
  1||       2||
  2||       0||
OOOOOOOOOO
  1||       2||
  2||      10||
OOOOOOOOOO
  1||       0||
  2||       0||
OOOOOOOOOO
  1||       2||
  2||       0||
OOOOOOOOOO
  1||       2||
  2||       2||
OOOOOOOOOO
  1||       4||
  2||       0||
OOOOOOOOOO
  1||       0||
  2||       0||
OOOOOOOOOO
  1||       2||
  2||       0||
OOOOOOOOOO
  1||       2||
  2||       1||
OOOOOOOOOO
  1||       3||
  2||       0||
OOOOOOOOOO
  1||       0||
  2||       0||
OOOOOOOOOO
  1||       3||
  2||       0||
OOOOOOOOOO
  1||       3||
  2||      10||
OOOOOOOOOO
  1||       0||
  2||       0||
OOOOOOOOOO
  1||       3||
  2||       0||
OOOOOOOOOO
  1||       3||
  2||       3||
OOOOOOOOOO
  1||       9||
  2||       0||
OOOOOOOOOO
  1||       0||
  2||       0||
OOOOOOOOOO
  1||       3||
  2||       0||
OOOOOOOOOO
  1||       3||
  2||       1||
OOOOOOOOOO
  1||       4||
  2||       0||
OOOOOOOOOO
  1||       0||
  2||       0||
OOOOOOOOOO
  1||       4||
  2||       0||
OOOOOOOOOO
  1||       4||
  2||      10||
OOOOOOOOOO
  1||       0||
  2||       0||
OOOOOOOOOO
  1||       4||
  2||       0||
OOOOOOOOOO
  1||       4||
  2||       4||
OOOOOOOOOO
  1||      16||
  2||       0||
OOOOOOOOOO
  1||       0||
  2||       0||
OOOOOOOOOO
  1||       4||
  2||       0||
OOOOOOOOOO
  1||       4||
  2||       1||
OOOOOOOOOO
  1||       5||
  2||       0||
OOOOOOOOOO
  1||       0||
  2||       0||
OOOOOOOOOO
  1||       5||
  2||       0||
OOOOOOOOOO
  1||       5||
  2||      10||
OOOOOOOOOO
  1||       0||
  2||       0||
OOOOOOOOOO
  1||       5||
  2||       0||
OOOOOOOOOO
  1||       5||
  2||       5||
OOOOOOOOOO
  1||      25||
  2||       0||
OOOOOOOOOO
  1||       0||
  2||       0||
OOOOOOOOOO
  1||       5||
  2||       0||
OOOOOOOOOO
  1||       5||
  2||       1||
OOOOOOOOOO
  1||       6||
  2||       0||
OOOOOOOOOO
  1||       0||
  2||       0||
OOOOOOOOOO
  1||       6||
  2||       0||
OOOOOOOOOO
  1||       6||
  2||      10||
OOOOOOOOOO
  1||       0||
  2||       0||
OOOOOOOOOO
  1||       6||
  2||       0||
OOOOOOOOOO
  1||       6||
  2||       6||
OOOOOOOOOO
  1||      36||
  2||       0||
OOOOOOOOOO
  1||       0||
  2||       0||
OOOOOOOOOO
  1||       6||
  2||       0||
OOOOOOOOOO
  1||       6||
  2||       1||
OOOOOOOOOO
  1||       7||
  2||       0||
OOOOOOOOOO
  1||       0||
  2||       0||
OOOOOOOOOO
  1||       7||
  2||       0||
OOOOOOOOOO
  1||       7||
  2||      10||
OOOOOOOOOO
  1||       0||
  2||       0||
OOOOOOOOOO
  1||       7||
  2||       0||
OOOOOOOOOO
  1||       7||
  2||       7||
OOOOOOOOOO
  1||      49||
  2||       0||
OOOOOOOOOO
  1||       0||
  2||       0||
OOOOOOOOOO
  1||       7||
  2||       0||
OOOOOOOOOO
  1||       7||
  2||       1||
OOOOOOOOOO
  1||       8||
  2||       0||
OOOOOOOOOO
  1||       0||
  2||       0||
OOOOOOOOOO
  1||       8||
  2||       0||
OOOOOOOOOO
  1||       8||
  2||      10||
OOOOOOOOOO
  1||       0||
  2||       0||
OOOOOOOOOO
  1||       8||
  2||       0||
OOOOOOOOOO
  1||       8||
  2||       8||
OOOOOOOOOO
  1||      64||
  2||       0||
OOOOOOOOOO
  1||       0||
  2||       0||
OOOOOOOOOO
  1||       8||
  2||       0||
OOOOOOOOOO
  1||       8||
  2||       1||
OOOOOOOOOO
  1||       9||
  2||       0||
OOOOOOOOOO
  1||       0||
  2||       0||
OOOOOOOOOO
  1||       9||
  2||       0||
OOOOOOOOOO
  1||       9||
  2||      10||
OOOOOOOOOO
  1||       0||
  2||       0||
OOOOOOOOOO
  1||       9||
  2||       0||
OOOOOOOOOO
  1||       9||
  2||       9||
OOOOOOOOOO
  1||      81||
  2||       0||
OOOOOOOOOO
  1||       0||
  2||       0||
OOOOOOOOOO
  1||       9||
  2||       0||
OOOOOOOOOO
  1||       9||
  2||       1||
OOOOOOOOOO
  1||      10||
  2||       0||
OOOOOOOOOO
  1||       0||
  2||       0||
OOOOOOOOOO
  1||      10||
  2||       0||
OOOOOOOOOO
  1||      10||
  2||      10||
OOOOOOOOOO
  1||       0||
  2||       0||
___________________
  1||       1||
  2||       0||
  3||       0||
  4||       0||
___________________
  1||       0||
  2||       0||
___________________
  1||       1||
  2||       0||
___________________
  1||       1||
  2||       1||
___________________
  1||       1||
  2||       0||
___________________
  1||       0||
  2||       0||
___________________
  1||       1||
  2||       0||
___________________
  1||       1||
  2||       1||
___________________
  1||       2||
  2||       0||
___________________
  1||       0||
  2||       0||
___________________
  1||       2||
  2||       0||
___________________
  1||       2||
  2||      10||
___________________
  1||       0||
  2||       0||
___________________
  1||       2||
  2||       0||
___________________
  1||       2||
  2||       2||
___________________
  1||       4||
  2||       0||
___________________
  1||       0||
  2||       0||
___________________
  1||       2||
  2||       0||
___________________
  1||       2||
  2||       1||
___________________
  1||       3||
  2||       0||
___________________
  1||       0||
  2||       0||
___________________
  1||       3||
  2||       0||
___________________
  1||       3||
  2||      10||
___________________
  1||       0||
  2||       0||
___________________
  1||       3||
  2||       0||
___________________
  1||       3||
  2||       3||
___________________
  1||       9||
  2||       0||
___________________
  1||       0||
  2||       0||
___________________
  1||       3||
  2||       0||
___________________
  1||       3||
  2||       1||
___________________
  1||       4||
  2||       0||
___________________
  1||       0||
  2||       0||
___________________
  1||       4||
  2||       0||
___________________
  1||       4||
  2||      10||
___________________
  1||       0||
  2||       0||
___________________
  1||       4||
  2||       0||
___________________
  1||       4||
  2||       4||
___________________
  1||      16||
  2||       0||
___________________
  1||       0||
  2||       0||
___________________
  1||       4||
  2||       0||
___________________
  1||       4||
  2||       1||
___________________
  1||       5||
  2||       0||
___________________
  1||       0||
  2||       0||
___________________
  1||       5||
  2||       0||
___________________
  1||       5||
  2||      10||
___________________
  1||       0||
  2||       0||
___________________
  1||       5||
  2||       0||
___________________
  1||       5||
  2||       5||
___________________
  1||      25||
  2||       0||
___________________
  1||       0||
  2||       0||
___________________
  1||       5||
  2||       0||
___________________
  1||       5||
  2||       1||
___________________
  1||       6||
  2||       0||
___________________
  1||       0||
  2||       0||
___________________
  1||       6||
  2||       0||
___________________
  1||       6||
  2||      10||
___________________
  1||       0||
  2||       0||
___________________
  1||       6||
  2||       0||
___________________
  1||       6||
  2||       6||
___________________
  1||      36||
  2||       0||
___________________
  1||       0||
  2||       0||
___________________
  1||       6||
  2||       0||
___________________
  1||       6||
  2||       1||
___________________
  1||       7||
  2||       0||
___________________
  1||       0||
  2||       0||
___________________
  1||       7||
  2||       0||
___________________
  1||       7||
  2||      10||
___________________
  1||       0||
  2||       0||
___________________
  1||       7||
  2||       0||
___________________
  1||       7||
  2||       7||
___________________
  1||      49||
  2||       0||
___________________
  1||       0||
  2||       0||
___________________
  1||       7||
  2||       0||
___________________
  1||       7||
  2||       1||
___________________
  1||       8||
  2||       0||
___________________
  1||       0||
  2||       0||
___________________
  1||       8||
  2||       0||
___________________
  1||       8||
  2||      10||
___________________
  1||       0||
  2||       0||
___________________
  1||       8||
  2||       0||
___________________
  1||       8||
  2||       8||
___________________
  1||      64||
  2||       0||
___________________
  1||       0||
  2||       0||
___________________
  1||       8||
  2||       0||
___________________
  1||       8||
  2||       1||
___________________
  1||       9||
  2||       0||
___________________
  1||       0||
  2||       0||
___________________
  1||       9||
  2||       0||
___________________
  1||       9||
  2||      10||
___________________
  1||       0||
  2||       0||
___________________
  1||       9||
  2||       0||
___________________
  1||       9||
  2||       9||
___________________
  1||      81||
  2||       0||
___________________
  1||       0||
  2||       0||
___________________
  1||       9||
  2||       0||
___________________
  1||       9||
  2||       1||
___________________
  1||      10||
  2||       0||
___________________
  1||       0||
  2||       0||
___________________
  1||      10||
  2||       0||
___________________
  1||      10||
  2||      10||
___________________
  1||       0||
  2||       0||
___________________
  1||       1||
  2||       0||
  3||       0||
  4||       0||
___________________
  1||       0||
  2||       0||
___________________
  1||       1||
  2||       0||
___________________
  1||       1||
  2||       1||
___________________
  1||       1||
  2||       0||
___________________
  1||       0||
  2||       0||
___________________
  1||       1||
  2||       0||
___________________
  1||       1||
  2||       1||
___________________
  1||       2||
  2||       0||
___________________
  1||       0||
  2||       0||
___________________
  1||       2||
  2||       0||
___________________
  1||       2||
  2||      20||
___________________
  1||       0||
  2||       0||
___________________
  1||       2||
  2||       0||
___________________
  1||       2||
  2||       2||
___________________
  1||       4||
  2||       0||
___________________
  1||       0||
  2||       0||
___________________
  1||       2||
  2||       0||
___________________
  1||       2||
  2||       1||
___________________
  1||       3||
  2||       0||
___________________
  1||       0||
  2||       0||
___________________
  1||       3||
  2||       0||
___________________
  1||       3||
  2||      20||
___________________
  1||       0||
  2||       0||
___________________
  1||       3||
  2||       0||
___________________
  1||       3||
  2||       3||
___________________
  1||       9||
  2||       0||
___________________
  1||       0||
  2||       0||
___________________
  1||       3||
  2||       0||
___________________
  1||       3||
  2||       1||
___________________
  1||       4||
  2||       0||
___________________
  1||       0||
  2||       0||
___________________
  1||       4||
  2||       0||
___________________
  1||       4||
  2||      20||
___________________
  1||       0||
  2||       0||
___________________
  1||       4||
  2||       0||
___________________
  1||       4||
  2||       4||
___________________
  1||      16||
  2||       0||
___________________
  1||       0||
  2||       0||
___________________
  1||       4||
  2||       0||
___________________
  1||       4||
  2||       1||
___________________
  1||       5||
  2||       0||
___________________
  1||       0||
  2||       0||
___________________
  1||       5||
  2||       0||
___________________
  1||       5||
  2||      20||
___________________
  1||       0||
  2||       0||
___________________
  1||       5||
  2||       0||
___________________
  1||       5||
  2||       5||
___________________
  1||      25||
  2||       0||
___________________
  1||       0||
  2||       0||
___________________
  1||       5||
  2||       0||
___________________
  1||       5||
  2||       1||
___________________
  1||       6||
  2||       0||
___________________
  1||       0||
  2||       0||
___________________
  1||       6||
  2||       0||
___________________
  1||       6||
  2||      20||
___________________
  1||       0||
  2||       0||
___________________
  1||       6||
  2||       0||
___________________
  1||       6||
  2||       6||
___________________
  1||      36||
  2||       0||
___________________
  1||       0||
  2||       0||
___________________
  1||       6||
  2||       0||
___________________
  1||       6||
  2||       1||
___________________
  1||       7||
  2||       0||
___________________
  1||       0||
  2||       0||
___________________
  1||       7||
  2||       0||
___________________
  1||       7||
  2||      20||
___________________
  1||       0||
  2||       0||
___________________
  1||       7||
  2||       0||
___________________
  1||       7||
  2||       7||
___________________
  1||      49||
  2||       0||
___________________
  1||       0||
  2||       0||
___________________
  1||       7||
  2||       0||
___________________
  1||       7||
  2||       1||
___________________
  1||       8||
  2||       0||
___________________
  1||       0||
  2||       0||
___________________
  1||       8||
  2||       0||
___________________
  1||       8||
  2||      20||
___________________
  1||       0||
  2||       0||
___________________
  1||       8||
  2||       0||
___________________
  1||       8||
  2||       8||
___________________
  1||      64||
  2||       0||
___________________
  1||       0||
  2||       0||
___________________
  1||       8||
  2||       0||
___________________
  1||       8||
  2||       1||
___________________
  1||       9||
  2||       0||
___________________
  1||       0||
  2||       0||
___________________
  1||       9||
  2||       0||
___________________
  1||       9||
  2||      20||
___________________
  1||       0||
  2||       0||
___________________
  1||       9||
  2||       0||
___________________
  1||       9||
  2||       9||
___________________
  1||      81||
  2||       0||
___________________
  1||       0||
  2||       0||
___________________
  1||       9||
  2||       0||
___________________
  1||       9||
  2||       1||
___________________
  1||      10||
  2||       0||
___________________
  1||       0||
  2||       0||
___________________
  1||      10||
  2||       0||
___________________
  1||      10||
  2||      20||
___________________
  1||       0||
  2||       0||
___________________
  1||      10||
  2||       0||
___________________
  1||      10||
  2||      10||
___________________
  1||     100||
  2||       0||
___________________
  1||       0||
  2||       0||
___________________
  1||      10||
  2||       0||
___________________
  1||      10||
  2||       1||
___________________
  1||      11||
  2||       0||
___________________
  1||       0||
  2||       0||
___________________
  1||      11||
  2||       0||
___________________
  1||      11||
  2||      20||
___________________
  1||       0||
  2||       0||
___________________
  1||      11||
  2||       0||
___________________
  1||      11||
  2||      11||
___________________
  1||     121||
  2||       0||
___________________
  1||       0||
  2||       0||
___________________
  1||      11||
  2||       0||
___________________
  1||      11||
  2||       1||
___________________
  1||      12||
  2||       0||
___________________
  1||       0||
  2||       0||
___________________
  1||      12||
  2||       0||
___________________
  1||      12||
  2||      20||
___________________
  1||       0||
  2||       0||
___________________
  1||      12||
  2||       0||
___________________
  1||      12||
  2||      12||
___________________
  1||     144||
  2||       0||
___________________
  1||       0||
  2||       0||
___________________
  1||      12||
  2||       0||
___________________
  1||      12||
  2||       1||
___________________
  1||      13||
  2||       0||
___________________
  1||       0||
  2||       0||
___________________
  1||      13||
  2||       0||
___________________
  1||      13||
  2||      20||
___________________
  1||       0||
  2||       0||
___________________
  1||      13||
  2||       0||
___________________
  1||      13||
  2||      13||
___________________
  1||     169||
  2||       0||
___________________
  1||       0||
  2||       0||
___________________
  1||      13||
  2||       0||
___________________
  1||      13||
  2||       1||
___________________
  1||      14||
  2||       0||
___________________
  1||       0||
  2||       0||
___________________
  1||      14||
  2||       0||
___________________
  1||      14||
  2||      20||
___________________
  1||       0||
  2||       0||
___________________
  1||      14||
  2||       0||
___________________
  1||      14||
  2||      14||
___________________
  1||     196||
  2||       0||
___________________
  1||       0||
  2||       0||
___________________
  1||      14||
  2||       0||
___________________
  1||      14||
  2||       1||
___________________
  1||      15||
  2||       0||
___________________
  1||       0||
  2||       0||
___________________
  1||      15||
  2||       0||
___________________
  1||      15||
  2||      20||
___________________
  1||       0||
  2||       0||
___________________
  1||      15||
  2||       0||
___________________
  1||      15||
  2||      15||
___________________
  1||     225||
  2||       0||
___________________
  1||       0||
  2||       0||
___________________
  1||      15||
  2||       0||
___________________
  1||      15||
  2||       1||
___________________
  1||      16||
  2||       0||
___________________
  1||       0||
  2||       0||
___________________
  1||      16||
  2||       0||
___________________
  1||      16||
  2||      20||
___________________
  1||       0||
  2||       0||
___________________
  1||      16||
  2||       0||
___________________
  1||      16||
  2||      16||
___________________
  1||     256||
  2||       0||
___________________
  1||       0||
  2||       0||
___________________
  1||      16||
  2||       0||
___________________
  1||      16||
  2||       1||
___________________
  1||      17||
  2||       0||
___________________
  1||       0||
  2||       0||
___________________
  1||      17||
  2||       0||
___________________
  1||      17||
  2||      20||
___________________
  1||       0||
  2||       0||
___________________
  1||      17||
  2||       0||
___________________
  1||      17||
  2||      17||
___________________
  1||     289||
  2||       0||
___________________
  1||       0||
  2||       0||
___________________
  1||      17||
  2||       0||
___________________
  1||      17||
  2||       1||
___________________
  1||      18||
  2||       0||
___________________
  1||       0||
  2||       0||
___________________
  1||      18||
  2||       0||
___________________
  1||      18||
  2||      20||
___________________
  1||       0||
  2||       0||
___________________
  1||      18||
  2||       0||
___________________
  1||      18||
  2||      18||
___________________
  1||     324||
  2||       0||
___________________
  1||       0||
  2||       0||
___________________
  1||      18||
  2||       0||
___________________
  1||      18||
  2||       1||
___________________
  1||      19||
  2||       0||
___________________
  1||       0||
  2||       0||
___________________
  1||      19||
  2||       0||
___________________
  1||      19||
  2||      20||
___________________
  1||       0||
  2||       0||
___________________
  1||      19||
  2||       0||
___________________
  1||      19||
  2||      19||
___________________
  1||     361||
  2||       0||
___________________
  1||       0||
  2||       0||
___________________
  1||      19||
  2||       0||
___________________
  1||      19||
  2||       1||
___________________
  1||      20||
  2||       0||
___________________
  1||       0||
  2||       0||
___________________
  1||      20||
  2||       0||
___________________
  1||      20||
  2||      20||
___________________
  1||       0||
  2||       0||
